4294967278,31
4294967278,30
4294967278,29
4294967278,28
4294967278,27
4294967278,26
4294967278,25
4294967278,24
4294967278,23
4294967278,22
4294967278,21
4294967278,20
4294967278,19
4294967278,18
4294967278,17
4294967278,16
4294967278,15
4294967278,14
4294967278,13
4294967278,12
4294967278,11
4294967278,10
4294967278,9
4294967278,8
4294967278,7
4294967278,6
4294967278,5
4294967278,4
4294967279,132
4294967279,131
4294967279,130
4294967279,129
4294967279,128
4294967279,127
4294967279,126
4294967279,125
4294967279,124
4294967279,123
4294967279,122
4294967279,121
4294967279,120
4294967278,132
4294967278,131
4294967278,130
4294967278,129
4294967278,124
4294967278,123
4294967278,122
4294967278,121
4294967278,120
4294967278,119
4294967278,118
4294967278,117
4294967278,116
4294967278,115
4294967278,114
4294967278,113
4294967278,112
4294967278,111
4294967278,110
4294967278,109
4294967278,107
4294967278,106
4294967278,105
4294967278,104
4294967278,103
4294967278,102
4294967278,100
4294967278,99
4294967278,98
4294967278,97
4294967278,96
4294967278,95
4294967278,94
4294967278,93
4294967278,91
4294967278,90
4294967278,87
4294967278,86
4294967278,85
4294967278,84
4294967278,83
4294967278,82
4294967278,81
4294967278,80
4294967278,79
4294967278,78
4294967278,77
4294967278,76
4294967278,75
4294967278,74
4294967278,73
4294967278,72
4294967278,71
4294967278,70
4294967278,69
4294967278,68
4294967278,67
4294967278,66
4294967278,65
4294967278,64
4294967278,63
4294967278,62
4294967278,61
4294967278,60
4294967278,59
4294967278,58
4294967278,57
4294967278,56
4294967278,55
4294967278,54
4294967278,53
4294967278,52
4294967278,51
4294967278,50
4294967278,49
4294967278,48
4294967278,47
4294967278,46
4294967278,45
4294967278,44
4294967278,43
4294967278,42
4294967278,41
4294967278,40
4294967278,39
4294967278,38
4294967278,37
4294967278,36
4294967278,35
4294967278,34
4294967278,33
4294967278,32
4294967279,138
4294967279,25
4294967279,24
4294967279,276
4294967279,23
4294967279,22
4294967279,21
4294967279,20
4294967279,19
4294967279,18
4294967279,17
4294967279,16
4294967279,15
4294967279,14
4294967279,13
4294967279,12
4294967279,11
4294967279,10
4294967279,9
4294967279,285
4294967279,8
4294967279,7
4294967279,6
4294967279,5
4294967279,4
4294967294,5
4294967278,108
4294967294,107
4294967279,313
4294967278,306
4294967278,128
4294967279,312
4294967294,222
4294967294,221
4294967294,388
4294967294,413
4294967294,473
4294967294,469
4294967294,45
4294967294,430
4294967294,44
4294967294,43
4294967294,53
4294967294,52
4294967294,417
4294967294,92
4294967294,91
4294967294,88
4294967294,86
4294967294,85
4294967294,1420
4294967294,83
4294967278,305
4294967278,127
43,4
4294967279,311
43,3
43,2
43,1
4294967278,304
4294967278,126
42,4
4294967278,303
4294967278,125
42,3
42,2
42,1
4294967279,310
4294967278,254
41,4
41,3
41,2
41,1
4294967278,253
40,4
4294967278,252
40,3
40,2
40,1
4294967278,250
39,4
39,3
39,2
39,1
4294967278,248
38,4
4294967278,246
38,3
38,2
38,1
4294967278,244
32,5
4294967278,242
37,4
37,3
37,2
37,1
4294967278,240
36,4
4294967278,238
36,3
36,2
36,1
4294967278,237
35,4
35,3
35,2
35,1
4294967278,236
34,4
4294967278,234
34,3
34,2
34,1
4294967278,232
33,4
33,3
33,2
33,1
4294967278,230
32,4
4294967278,228
32,3
32,2
32,1
4294967278,227
4294967294,390
4294967294,389
4294967294,120
4294967294,115
4294967278,226
4294967278,224
31,5
4294967278,222
31,4
31,3
31,2
31,1
4294967278,220
4294967278,218
4294967278,216
30,5
30,4
4294967278,214
30,3
30,2
30,1
4294967278,302
4294967278,260
4294967278,101
4294967278,213
4294967294,264
4294967278,212
29,7
4294967278,211
29,6
29,5
4294967278,210
29,4
29,3
29,2
29,1
4294967279,309
4294967278,209
4294967294,394
4294967294,24
4294967294,252
4294967278,208
4294967278,207
28,7
28,6
4294967278,206
4294967294,267
28,5
28,4
4294967278,205
28,3
28,2
28,1
4294967278,301
4294967278,92
4294967294,393
4294967294,439
4294967278,204
4294967278,203
27,4
4294967278,202
27,3
27,2
27,1
4294967278,300
4294967278,0
4294967278,89
4294967294,8
